140
910
1779
1220
1572
1488
1977
308
651
277
629
1997
1358
548
11
927
1460
2000
1591
293
1832
183
315
1499
1719
1086
826
1412
637
1987
16
1239
1936
1365
1812
308
243
1517
1553
1982
882
601
1641
933
1431
1593
146
777
990
886
1313
872
735
18
1742
1650
1524
1173
1871
1251
67
1727
542
1387
986
870
1959
417
36
809
1848
1567
1082
951
355
463
160
1386
675
609
1848
553
936
1201
105
131
1579
1840
1653
1299
1855
1091
1384
982
1485
1503
1509
1638
43
1766
1527
833
1522
1043
392
387
150
1966
978
1137
1879
145
635
1207
233
1733
1691
885
638
1836
29
679
1009
704
1928
866
1202
582
133
1682
563
1160
200
1044
744
1672
645
1794
121
1004
529
849
921
618
204
1069
1873
398
1858
1628
71
242
322
1122
1287
716
89
346
1979
1668
1663
480
767
1044
341
1893
539
1616
1653
1319
197
1351
1090
323
477
106
1333
1665
1763
343
1036
409
1861
188
1913
1723
742
837
1714
1856
531
1713
1384
1806
213
967
1451
384
983
612
1342
923
1490
1501
1336
569
1007
323
732
1674
1327
556
1179
401
1720
1239
946
979
1362
1544
1425
1889
692
650
854
1767
1429
518
1256
1537
459
1184
1842
839
692
343
903
1308
405
1353
1219
275
289
1049
330
657
882
149
1264
1386
1994
815
563
260
1068
231
251
1547
512
783
1717
1934
640
26
1598
962
100
1114
1956
570
94
600
4
573
1136
173
272
1865
918
690
1204
1416
1553
450
569
1517
484
226
1132
236
1145
911
1877
1701
898
437
1765
411
1205
1809
1327
1508
81
387
25
1444
1850
1137
1196
1180
1589
824
551
734
116
1223
79
1396
341
1373
763
227
996
592
1959
548
289
49
830
268
1044
1206
368
1532
162
893
1340
1316
1165
1688
63
1633
1818
158
1482
632
589
573
101
310
1685
1636
1718
198
804
373
1967
1537
1474
1450
636
187
1644
907
543
1560
1900
170
200
45
150
1720
1698
1032
327
1369
1844
219
1918
616
1014
614
1811
1092
440
1714
466
576
1396
324
1213
1937
709
492
856
288
390
1937
1727
714
1525
122
1987
707
195
839
88
1113
817
47
468
1537
1137
528
1475
1214
291
927
394
1963
1767
274
1426
1802
1615
1356
782
1893
1121
267
250
1748
1738
1544
1116
709
541
1361
1850
33
829
1494
1935
592
1313
1594
1979
1621
378
665
751
222
258
306
629
1413
694
855
238
1517
508
1660
751
1206
629
1201
1747
106
929
1395
1401
542
951
51
765
591
898
208
1655
1359
592
1875
1222
5
1377
523
1805
1117
1533
191
1745
1142
1630
1514
852
459
1270
1783
548
1997
1815
1602
1959
1072
494
799
1476
1678
1340
241
38
246
323
414
550
748
1729
1735
578
469
1718
1359
49
1170
212
1433
501
248
528
1631
1086
497
541
896
384
1240
1412
939
952
1041
236
138
1331
1103
1816
699
357
889
489
1770
1084
1910
1436
1515
1204
1443
1692
350
1109
359
1499
213
862
532
304
346
1745
1932
666
208
17
304
1029
1584
287
1238
29
291
748
1286
183
394
53
158
1852
559
1708
1001
887
1907
1957
902
442
754
1973
1989
779
1154
939
21
701
1583
1844
1299
1665
1717
288
1976
1167
1
1867
837
582
1656
1279
50
1341
1732
1847
143
502
352
1866
913
217
41
1965
599
435
927
1208
1561
759
1251
1720
1055
235
153
477
1723
1512
1698
545
120
936
181
865
890
621
644
1951
650
1274
1591
796
1153
1994
802
1974
1790
1130
77
1848
820
1111
227
385
530
839
351
1026
1683
311
658
1175
206
1312
1634
1065
828
127
877
1204
1711
1578
1269
803
1622
230
213
1498
280
1756
196
1427
1160
1020
1454
1041
1179
1795
1792
687
1244
296
757
1690
1172
288
1582
1651
608
1521
512
1440
1170
1457
1122
1218
1105
1008
1517
150
559
677
737
609
1265
1514
204
933
977
940
1675
1853
1027
748
260
1294
1825
395
1226
1917
345
572
1460
1417
1688
614
1870
922
422
1803
316
423
141
1576
1074
502
184
1038
495
1049
495
367
495
946
1551
359
1164
1394
1902
1158
28
1662
1282
1186
1203
1565
1337
1563
560
1211
29
618
163
295
1010
1822
1109
1971
1287
1526
962
1423
20
1171
320
633
151
1203
55
1993
270
1112
539
546
1881
205
1502
152
452
1610
17
1538
1295
491
756
992
1507
242
1028
1778
79
131
1990
738
1640
201
575
1427
417
1436
1262
1855
1398
1596
299
1886
1075
1191
1634
763
577
1073
317
443
270
1664
1732
812
128
548
1332
1370
395
1358
433
1191
883
513
1941
1179
489
1215
95
718
406
586
347
716
1527
1473
1584
273
698
1959
1881
371
372
1739
168
466
600
1898
853
1464
929
467
556
1996
692
110
362
1072
1366
336
416
1576
1153
650
1376
1564
1408
5
87
1765
1306
1106
1915
1285
1611
1885
1975
1929
1187
901
94
303
344
851
586
562
470
1159
1160
1705
1476
546
622
1574
267
1247
89
1512
1265
256
1475
482
1818
46
536
826
82
1608
1964
196
599
76
115
634
545
1228
560
255
165
1391
754
136
1817
557
1694
1576
902
661
316
1204
371
1697
300
32
1357
630
675
594
1761
1014
933
1476
841
1490
1455
890
1599
420
478
583
571
1383
528
1703
1308
1847
846
882
663
1197
1256
155
1099
888
1751
1981
408
67
665
431
774
1495
214
394
70
273
50
1456
1216
883
1903
1637
1543
903
1451
606
800
1942
539
1023
1711
223
329
1559
1021
331
498
1456
324
769
1440
23
575
920
1160
1524
1448
354
1171
233
1162
1374
1754
1279
936
476
1182
72
1500
1104
1669
811
508
1853
85
1663
487
737
1258
1617
1666
947
895
1371
759
1983
1968
1549
93
1782
471
792
1866
1068
635
1834
1298
624
381
1066
65
1422
50
1389
338
545
411
1219
604
367
950
1877
576
1510
921
143
1766
901
1043
1334
1758
1524
497
1742
1607
1748
1496
761
367
1833
678
861
801
1309
604
736
768
1180
231
190
1321
694
1672
718
596
1068
761
1710
1045
596
1854
1222
1235
643
205
767
992
980
72
185
956
1379
1369
1694
248
1184
1095
900
1988
1852
1898
152
1585
1302
1569
1636
869
792
1089
946
1148
566
416
253
1553
1698
573
507
380
1521
1367
669
1857
1788
1744
69
1886
1727
1886
572
1404
151
1091
888
1241
291
430
1161
1935
668
1277
362
1218
1429
770
875
1742
978
1437
1678
56
844
518
1720
777
856
1719
1723
159
1079
946
1726
235
774
1558
64
1308
611
456
366
1383
636
1413
829
611
161
229
451
79
327
120
1461
657
1947
706
1877
701
1319
1579
1871
1307
1220
1918
503
1349
254
666
299
648
411
1971
717
1703
462
814
871
1686
269
952
149
353
254
1450
540
676
475
496
1842
1192
700
333
1108
845
240
719
1841
1983
421
960
1198
792
1434
420
162
1110
1104
351
1309
1700
865
389
1848
1061
325
959
1603
73
1975
1269
239
1512
883
1927
668
559
645
683
1815
1872
685
1930
1474
771
1458
1394
1566
147
849
1736
1129
455
839
1949
1604
151
327
500
1079
894
1638
673
828
630
536
1218
408
1529
1131
1679
154
99
50
1800
411
992
1913
1134
1377
1719
1429
587
1212
824
1012
1383
1052
1311
147
518
704
946
1877
1539
1069
1852
193
1436
1665
410
205
1926
701
873
100
73
1726
771
1657
92
1937
974
700
1578
74
1784
792
752
1581
1902
518
1187
1569
592
220
728
1509
1001
1848
807
1412
1939
395
426
218
1034
394
14
979
1736
403
261
915
235
1849
1563
710
1511
31
977
1422
1092
1811
1637
272
1830
730
1724
1669
1047
1877
780
228
609
1838
315
1021
758
1216
948
100
1262
677
1998
293
200
1301
1991
167
1544
1140
1937
1503
1624
640
360
1589
51
454
1862
1021
1699
559
538
64
1916
1694
160
1652
756
1100
779
182
2
206
1802
621
1961
1468
82
1968
994
367
1034
1782
586
188
953
1005
367
728
651
1325
828
1411
819
782
76
1413
1404
1266
982
1140
1234
137
1244
674
1611
1306
131
1529
241
632
542
379
347
1619
28
227
979
182
1417
425
306
319
1606
392
194
1968
1467
1857
1784
765
1216
1884
117
186
1370
1086
768
1032
774
1032
1213
1254
1099
662
1760
1519
1255
610
1340
748
243
723
1412
841
1047
515
1872
234
1822
1544
625
864
93
1384
353
1462
966
1961
847
1364
1745
156
186
210
276
723
272
976
645
323
1150
15
1924
508
957
744
447
1236
1277
1100
1595
703
172
1451
1998
464
1756
1102
1274
1559
1994
152
1139
1752
213
1298
972
1753
441
1217
1511
1162
1102
1011
1956
1969
403
1078
1935
945
1383
1548
789
1939
1617
1046
1299
1017
1850
1047
1906
1999
1045
1777
1197
130
1287
895
1462
1285
814
819
1414
1816
404
1753
160
1386
690
1069
610
1029
88
1883
620
1315
273
189
572
1678
185
616
1640
1774
991
675
438
1224
1689
1414
323
1985
1010
616
223
50
478
454
502
150
605
1940
1378
602
1971
1457
588
1831
679
1847
129
704
1930
1234
241
382
1567
878
1589
317
942
1624
741
1323
1017
1264
1796
402
414
917
745
868
1687
904
444
1017
1912
1881
88
384
1492
800
1034
357
247
1620
1299
1701
260
93
457
433
696
1617
1220
66
822
1942
1899
1829
939
841
342
801
410
1454
749
1976
1270
547
1737
469
1848
456
216
1755
1505
1246
1844
686
422
1553
1895
1028
1120
1845
283
448
545
313
1282
162
364
361
1223
310
1013
1697
1523
1189
38
1812
1689
1063
1831
845
1722
1223
341
660
1480
545
179
1432
1924
619
1211
599
244
590
721
960
729
1153
1682
1356
1601
365
1632
988
1730
537
465
1542
269
316
1127
880
530
1672
1387
550
1016
799
89
907
1603
521
1512
794
1427
712
1145
446
237
355
1861
437
1483
128
507
883
757
353
1397
1005
510
340
1825
1184
1350
1622
1678
1295
1317
372
237
1273
1127
875
1729
1247
1304
26
1653
1358
1890
1561
105
454
327
1425
47
1894
1366
1762
1373
1459
1131
1448
1666
22
1225
26
1258
441
1566
786
1737
1027
1191
1754
1456
1251
1785
183
1605
1915
1660
599
835
748
724
1651
646
358
590
878
1692
838
79
568
344
397
1397
1726
261
580
787
1989
1037
932
274
1734
324
1684
1139
1078
1660
1441
822
233
1891
1540
90
1956
1590
930
449
624
6
1842
1299
1782
1111
997
1958
867
1740
1343
497
1472
1445
1907
1916
1795
553
959
1876
1107
1661
1429
1708
1754
345
866
1375
640
1721
423
1451
1049
180
294
469
1138
1001
1538
365
1643
913
1132
29
1892
1742
1524
22
1259
1175
41
104
